[[1 0 0 0 0 162963497877522752555516326317 55616715850355365188843267805 47463045249984317230739628443 419229127215406086367889019202 224538614123581343467180291311]
[0 1 0 0 0 602582407378462366031054867357 197628653371971887054200834767 308782975874721483816403411448 69960827696540358262672338321 67977894297839109020932842033]
[0 0 1 0 0 258281605931422360068368452908 364397386135773973278940246781 655242320410221798297087089594 12921817128185591311057824747 32201728313703097500196455469]
[0 0 0 1 0 564060902022742948535245819975 274989185384475472964403120796 43240159873651005926129303376 226794610194334472520069780564 229632927390672758761217706194]
[0 0 0 0 1 393094736529741718194126421969 451398662467173693449529566080 620386910334601982255843354582 641140971227218344889834831936 228928160297391847297357902755]
[0 0 0 0 0 693823213640506417481053062862 0 0 0 0]
[0 0 0 0 0 0 693823213640506417481053062862 0 0 0]
[0 0 0 0 0 0 0 693823213640506417481053062862 0 0]
[0 0 0 0 0 0 0 0 693823213640506417481053062862 0]
[0 0 0 0 0 0 0 0 0 693823213640506417481053062862]]
[[1 0 0 0 0 317104797951600820147665202725 149825962135867410164946415136 34609159842844135164801056997 299794666421810792657908035829 2123481326609179224736320214]
[0 1 0 0 0 171640210703535919969328438197 276679728916726228658066422945 241228093199840049794756133321 290246820129164091362164142633 190746437887974527952286569966]
[0 0 1 0 0 271261625444431155153625133318 149188414613209746579411573425 85613292621896841960453952224 23640645833132677683337245958 28873407467258096648956061866]
[0 0 0 1 0 59772558298362653113594581229 234672413574666695893017985332 206194288307236394357237588291 122438436359702085797024746700 274369816569593734010033467129]
[0 0 0 0 1 203238944070770445721133411845 132559978988439761846040689793 274387634960314192931847875593 253683459481181311586308690749 212511629505054283728507225706]
[0 0 0 0 0 324218322263835759272091018870 0 0 0 0]
[0 0 0 0 0 0 324218322263835759272091018870 0 0 0]
[0 0 0 0 0 0 0 324218322263835759272091018870 0 0]
[0 0 0 0 0 0 0 0 324218322263835759272091018870 0]
[0 0 0 0 0 0 0 0 0 324218322263835759272091018870]]
[[1 0 0 0 0 635680047259837610601270801563 256443644306177179425542630457 852853584401591036506463077539 319629773520436547415763198904 782132328328935823587066889683]
[0 1 0 0 0 51138457108631495997022278933 543878145589028986083961122496 955317270059774974788045721120 841692383014840297189185618977 1141658286794457021675440115920]
[0 0 1 0 0 581530283358401797105829268985 762184656386462756476916973401 50227956349907457517343704563 611143393314826655338114562658 1178842731010534581909378618440]
[0 0 0 1 0 915873123754899390737649175829 380801725677283019206064477697 780132325210821950989951394935 353016748281458427686253258995 1146973252550205355099511779329]
[0 0 0 0 1 52713366302580622551744789226 1215380078307424137057303944937 14830397134605996827247209870 923830505326876885814804229132 927681413252336631733250160712]
[0 0 0 0 0 1229412297943161924359964147169 0 0 0 0]
[0 0 0 0 0 0 1229412297943161924359964147169 0 0 0]
[0 0 0 0 0 0 0 1229412297943161924359964147169 0 0]
[0 0 0 0 0 0 0 0 1229412297943161924359964147169 0]
[0 0 0 0 0 0 0 0 0 1229412297943161924359964147169]]
