[[1 0 0 0 0 286541306339826055131716025142 397094435508662619064789542987 927770355535581551555026012018 867642089062441277440204752573 385091846103973782859144536078]
[0 1 0 0 0 707427819378245109496484282206 78271536771472866460427185100 190709395494833817820898990890 200493051477341870906086587930 307806204393334066974586617439]
[0 0 1 0 0 1028592690344076734724848488340 355194832473870986167692710725 831047247811026392580633431043 985517564057336899894631559853 158972931112413009036312137304]
[0 0 0 1 0 686875906891584568481260436124 725085618781826414101885515057 405529990392308695415778845904 292986753183129857440696058818 531631206174333365069712838447]
[0 0 0 0 1 979613111523245082831908905702 436281140684889036937334440772 24639434939857469805338649955 925193854259800540586026702445 669255527508271303295008957558]
[0 0 0 0 0 1057196267716085964004712135485 0 0 0 0]
[0 0 0 0 0 0 1057196267716085964004712135485 0 0 0]
[0 0 0 0 0 0 0 1057196267716085964004712135485 0 0]
[0 0 0 0 0 0 0 0 1057196267716085964004712135485 0]
[0 0 0 0 0 0 0 0 0 1057196267716085964004712135485]]
