[[1 0 0 0 0 126554601906834238663519392502 130253796424921506666741800542 181607030729588195528468515009 205244825528087599891505244472 240744917283009435275525347718]
[0 1 0 0 0 71793959037004258919124960489 147107734274488994891473028209 236028448464767589295520549595 132557773916134747551563103735 184751901822989055833791805279]
[0 0 1 0 0 252946938881770250259503447455 202339706245001926976866091426 133924101377419247561923512427 37887546867128892428908864775 247366788744371436324605946632]
[0 0 0 1 0 199181371575804672192473674104 195633732963311596907173109198 8228909354290301351259957485 140915060284267634821429169705 134493893706777564716249148802]
[0 0 0 0 1 137421959978130352624300737166 75711999211926588982661972068 185714622430627786256739442478 212572303011031372253798608947 241400863908319501072035564596]
[0 0 0 0 0 258307750483311498186234279153 0 0 0 0]
[0 0 0 0 0 0 258307750483311498186234279153 0 0 0]
[0 0 0 0 0 0 0 258307750483311498186234279153 0 0]
[0 0 0 0 0 0 0 0 258307750483311498186234279153 0]
[0 0 0 0 0 0 0 0 0 258307750483311498186234279153]]
