[[1 0 0 0 0 888604101128229724827374312027 183719545819399445329141326236 363209082399620473600308830030 582004507240341134124169453201 994814922524885929830317486554]
[0 1 0 0 0 535593900845931246397102722441 755972822509611681126002837644 1052696822490633997919645334600 679313063874852082026862151088 554467729763810024998358785185]
[0 0 1 0 0 802151866624674405820673424817 882553101687818636993841393436 55960938370835692659435299725 359820075147994825345738132032 197625171288931055623060545056]
[0 0 0 1 0 139233781199841716844672214075 757275623363986629251818295545 358438929955841947932106671816 334011869223997479536905386028 539597414901479941498858853658]
[0 0 0 0 1 808492901758528212692142924256 840211260114736606380456713930 374481739700627694015464380937 629920088118498898686729253357 725549082246251383857420873055]
[0 0 0 0 0 1082113583666786361861318466094 0 0 0 0]
[0 0 0 0 0 0 1082113583666786361861318466094 0 0 0]
[0 0 0 0 0 0 0 1082113583666786361861318466094 0 0]
[0 0 0 0 0 0 0 0 1082113583666786361861318466094 0]
[0 0 0 0 0 0 0 0 0 1082113583666786361861318466094]]
