[[1 0 0 0 0 101923681389556755176090903519 56352673677411044475491745653 212063271642974237436654034052 52565179050486581114678283017 126313866611148510914434634717]
[0 1 0 0 0 68747841003755574811265188263 258996642296452297231809819737 93989413099113362645213616669 27574284884401245273022118426 31469420576021469389203385950]
[0 0 1 0 0 154333954340243651312528877689 110792392229433197798639069053 251620506871379120463881284646 237044707662670541148539848674 106421748264850814692983376110]
[0 0 0 1 0 325299223793960632034884877393 126592640378577603009351746882 72404505601453411330279248361 201914011921605076243823227708 167645801212107305543655643044]
[0 0 0 0 1 212103187475023100164848670037 69091550353649854575939456808 206189910180783019888097080508 195251752118179499868652327472 222962741117172629407125291277]
[0 0 0 0 0 338334824025865807124632251495 0 0 0 0]
[0 0 0 0 0 0 338334824025865807124632251495 0 0 0]
[0 0 0 0 0 0 0 338334824025865807124632251495 0 0]
[0 0 0 0 0 0 0 0 338334824025865807124632251495 0]
[0 0 0 0 0 0 0 0 0 338334824025865807124632251495]]
