[[1 0 0 0 0 57601043420277270874429788564 502938172157640275720999015056 295945427423639888001006423471 720298898170861727787523477469 592976384815237323114075247062]
[0 1 0 0 0 221821850239516969244134516339 94200833542771426430971236446 423134959060743910276439950337 355050713483197554618076462926 69031100931874763834403554281]
[0 0 1 0 0 45084692025110019259043501157 633826934233651801851309547403 282552936962041184899859026982 392903533011527814136122276015 432319091448299603556240774989]
[0 0 0 1 0 639594591748332173240349726163 236573344847788987980565505254 399295608224363220248416340333 475303203890267869537480548740 366442697358528943731806751814]
[0 0 0 0 1 57419887187772089149031575143 732935990741197748652705704141 373954813335694972794352253220 333469980675828181023256994068 368502708996320181362677092361]
[0 0 0 0 0 767457917601827237615592574265 0 0 0 0]
[0 0 0 0 0 0 767457917601827237615592574265 0 0 0]
[0 0 0 0 0 0 0 767457917601827237615592574265 0 0]
[0 0 0 0 0 0 0 0 767457917601827237615592574265 0]
[0 0 0 0 0 0 0 0 0 767457917601827237615592574265]]
