[[1 0 0 0 0 254127861251302436441288687423 285894678523367185013795965999 122919967774507886229458359366 463455340445065413504602774145 423694175210656391400617389249]
[0 1 0 0 0 28455552951958703379010562594 404973230710334514326654062657 381566496674168996409556775969 174031232133152320716611730987 216917437850859344260116313853]
[0 0 1 0 0 311885005986887078212503016959 313701327876735307825039417216 355237895981414528672577353755 103343007356083629509913207888 271698274780986427565633745676]
[0 0 0 1 0 344437964687878192357237985168 458180118802554626387970823365 31873301966723212818138283535 175711748993557658755430047045 369037919742127229777144140367]
[0 0 0 0 1 408373092428998883898129757514 390574576814436458542511673952 363529103870349316387463046724 410815783881082106763828757938 227972085380480801855390224162]
[0 0 0 0 0 472880276194720610991566339026 0 0 0 0]
[0 0 0 0 0 0 472880276194720610991566339026 0 0 0]
[0 0 0 0 0 0 0 472880276194720610991566339026 0 0]
[0 0 0 0 0 0 0 0 472880276194720610991566339026 0]
[0 0 0 0 0 0 0 0 0 472880276194720610991566339026]]
