[[1 0 0 0 0 12708030383944511579535715612 542275103961147089521614306 775232508342222563807141893680 1075624087439881209438712408501 1012865655698015785991814636749]
[0 1 0 0 0 1242456468708771700966430295205 451286413994427363933876418683 423548417886735884021263611870 382014331714320277427931792313 96054067521699981334116605460]
[0 0 1 0 0 1140031582546188454287011624940 1127882102072144099281155765995 1029351241579597774681089361789 752401927462748590855695621930 35820728354168792544943268936]
[0 0 0 1 0 611905199052412111999235338232 374980480727189342346986993158 1245136836883883092476794774539 1243161453340244574181443663314 1114080657817114434343919147445]
[0 0 0 0 1 136464394087727434269350663921 972271696171564055758615221034 715957288929772253780406765198 1197775950582451171970581031661 796492297612097150946590004322]
[0 0 0 0 0 1261146964535998706196717650712 0 0 0 0]
[0 0 0 0 0 0 1261146964535998706196717650712 0 0 0]
[0 0 0 0 0 0 0 1261146964535998706196717650712 0 0]
[0 0 0 0 0 0 0 0 1261146964535998706196717650712 0]
[0 0 0 0 0 0 0 0 0 1261146964535998706196717650712]]
