[[1 0 0 0 0 356897871096569873989337697617 190851238392379790572705700695 478211161068716949903177628725 433537366643414261303749514304 146692777682137856061877412891]
[0 1 0 0 0 811748695134452348608942579116 542978443154573549364626291283 19978698462469262215713749975 34794221186097927241555358075 771128618030129901484742841816]
[0 0 1 0 0 484244776687327208449758667405 56283748334392430078008598996 40923185375231194557659499168 25006821247803705908420646351 290158873702324315860847114867]
[0 0 0 1 0 478496582195106341386828337823 548569360251120206880311674987 306846053833508119731081188202 268724662719171629998202454347 630211208622962428515458636008]
[0 0 0 0 1 109322721324476346635167689066 415607262465223254508840132420 129755820226484654562925725603 283236104805498295105035877375 459041028488964981207222348986]
[0 0 0 0 0 812874172299654684605915922417 0 0 0 0]
[0 0 0 0 0 0 812874172299654684605915922417 0 0 0]
[0 0 0 0 0 0 0 812874172299654684605915922417 0 0]
[0 0 0 0 0 0 0 0 812874172299654684605915922417 0]
[0 0 0 0 0 0 0 0 0 812874172299654684605915922417]]
