[[1 0 0 0 0 7235374952847488534509902445 748816996144641477487727189341 853576848356939077701125249823 865817220430971347613099614324 131230322972732428483373932280]
[0 1 0 0 0 751315039814090207680306917566 82559755760688771319638181838 121710625920900679455344091772 734908740956035014017090839035 1125279040033201752051554002972]
[0 0 1 0 0 886671772462345079565983749063 271606552913625870381101261988 761781250522552923179692371980 789096211109430459395611494614 37675394863552387550225059415]
[0 0 0 1 0 613109793688498982863656071694 71315083688145099975751250452 1051137174799349041162125425931 819480252938824478769975583614 759576885987226290565679878362]
[0 0 0 0 1 637129355868322969731606024118 266573817594239327725294752551 179604798364849252356782798814 267426985387267677482021479566 1098707279102124354458038313654]
[0 0 0 0 0 1139695288830740491158337434130 0 0 0 0]
[0 0 0 0 0 0 1139695288830740491158337434130 0 0 0]
[0 0 0 0 0 0 0 1139695288830740491158337434130 0 0]
[0 0 0 0 0 0 0 0 1139695288830740491158337434130 0]
[0 0 0 0 0 0 0 0 0 1139695288830740491158337434130]]
