[[1 0 0 0 0 286313491243586448453282024252 993681438253951163700022462945 57135024170394990484730867979 827199958436092512734108889596 696594286509797296796416480108]
[0 1 0 0 0 739389211598062888131658138061 960153755405200533722939003079 855980106318910707764134407110 843180220754324148200218878011 682809934081394683449135685396]
[0 0 1 0 0 169432059177565783786204522759 770695977638238144797598485341 673734475805851103124755422080 341080495202080696935187223925 229222316555689650924180114582]
[0 0 0 1 0 408961994161952665671958574085 160053937800177975433699864126 660116767127160522556206494314 116283870559007688648523842820 54664229690500094639674184910]
[0 0 0 0 1 204325313372891302308305852691 262802734329121882564654589096 295176815952537277550257954556 291643582587327142450823081002 730997231012180809342584705740]
[0 0 0 0 0 1014222017747588154099691692626 0 0 0 0]
[0 0 0 0 0 0 1014222017747588154099691692626 0 0 0]
[0 0 0 0 0 0 0 1014222017747588154099691692626 0 0]
[0 0 0 0 0 0 0 0 1014222017747588154099691692626 0]
[0 0 0 0 0 0 0 0 0 1014222017747588154099691692626]]
